p cnf 120 120
x33 41 -47 0
x1 82 -116 0
x24 29 -91 0
x19 55 -82 0
x76 96 -100 0
x52 106 -107 0
x4 19 -84 0
x62 71 -83 0
x34 46 -99 0
x32 88 -104 0
x19 66 -109 0
x15 20 -88 0
x1 41 -62 0
x23 97 -115 0
x47 62 -82 0
x4 43 -84 0
x28 44 -103 0
x33 69 -87 0
x35 70 -92 0
x2 95 -101 0
x18 39 -88 0
x17 48 -66 0
x49 56 -103 0
x20 73 -85 0
x25 64 -112 0
x50 87 -88 0
x6 118 -119 0
x64 68 -115 0
x12 51 -65 0
x18 65 -66 0
x3 23 -78 0
x70 93 -115 0
x85 97 -111 0
x17 36 -80 0
x39 73 -113 0
x8 71 -99 0
x18 29 -117 0
x18 69 -93 0
x9 43 -108 0
x74 89 -94 0
x63 96 -103 0
x8 71 -115 0
x20 33 -89 0
x54 57 -100 0
x4 31 -108 0
x30 42 -99 0
x13 21 -108 0
x60 61 -66 0
x61 64 -80 0
x19 105 -107 0
x8 14 -25 0
x11 37 -86 0
x26 70 -110 0
x49 58 -59 0
x9 78 -101 0
x20 23 -93 0
x54 91 -111 0
x47 110 -113 0
x32 73 -109 0
x6 16 -53 0
x74 79 -87 0
x78 85 -113 0
x27 28 -90 0
x1 12 -106 0
x7 24 -80 0
x47 67 -74 0
x46 77 -120 0
x3 18 -73 0
x105 106 -115 0
x22 39 -46 0
x22 46 -112 0
x26 35 -95 0
x27 46 -98 0
x27 92 -119 0
x14 102 -115 0
x47 98 -118 0
x15 62 -71 0
x53 64 -91 0
x10 14 -71 0
x40 84 -95 0
x61 98 -119 0
x1 9 -24 0
x57 75 -90 0
x50 53 -76 0
x39 99 -101 0
x26 58 -76 0
x48 51 -67 0
x1 76 -100 0
x53 54 -66 0
x30 77 -79 0
x70 76 -92 0
x10 47 -114 0
x50 56 -117 0
x19 38 -88 0
x27 28 -61 0
x23 56 -92 0
x22 49 -77 0
x40 79 -100 0
x13 102 -111 0
x13 44 -107 0
x43 86 -91 0
x1 12 -28 0
x44 85 -119 0
x59 71 -73 0
x45 94 -98 0
x31 37 -84 0
x24 28 -104 0
x51 54 -61 0
x6 23 -93 0
x3 24 -67 0
x44 81 -109 0
x94 97 -120 0
x20 48 -62 0
x80 83 -103 0
x5 51 -106 0
x12 19 -77 0
x16 29 -72 0
x11 38 -119 0
x18 55 -65 0
x38 59 -75 0
1 2 3 4 5 6 7 8 9 10 11 12 13 14 15 16 17 18 19 20 21 22 23 24 25 26 27 28 29 30 31 32 33 34 35 36 37 38 39 40 41 42 43 44 45 46 47 48 49 50 51 52 53 54 55 56 57 58 59 60 61 62 63 64 65 66 67 68 69 70 71 72 73 74 75 76 77 78 79 80 81 82 83 84 85 86 87 88 89 90 91 92 93 94 95 96 97 98 99 100 101 102 103 104 105 106 107 108 109 110 111 112 113 114 115 116 117 118 119 120 0