p cnf 120 120
x42 53 -101 0
x5 95 -120 0
x4 18 -59 0
x37 108 -117 0
x28 81 -98 0
x26 28 -48 0
x2 47 -95 0
x1 90 -113 0
x5 36 -120 0
x62 65 -67 0
x7 48 -100 0
x3 84 -119 0
x17 83 -91 0
x16 23 -77 0
x34 71 -103 0
x6 77 -84 0
x16 65 -85 0
x2 50 -87 0
x56 78 -88 0
x10 37 -85 0
x27 81 -92 0
x37 43 -115 0
x25 89 -105 0
x79 97 -102 0
x33 46 -56 0
x13 17 -59 0
x16 65 -72 0
x16 73 -96 0
x32 48 -96 0
x1 29 -94 0
x29 65 -98 0
x4 27 -104 0
x11 103 -120 0
x34 56 -83 0
x30 40 -90 0
x82 107 -120 0
x9 103 -107 0
x4 72 -74 0
x1 21 -24 0
x37 50 -108 0
x3 22 -116 0
x10 58 -100 0
x36 58 -119 0
x13 47 -107 0
x30 71 -105 0
x53 92 -110 0
x8 108 -116 0
x26 68 -106 0
x22 55 -107 0
x40 94 -97 0
x11 46 -95 0
x25 38 -42 0
x6 23 -98 0
x4 29 -45 0
x98 102 -110 0
x6 16 -108 0
x22 30 -106 0
x49 50 -103 0
x40 112 -118 0
x25 86 -115 0
x23 63 -93 0
x34 87 -112 0
x12 38 -66 0
x41 70 -73 0
x25 36 -110 0
x65 97 -114 0
x75 87 -112 0
x26 67 -89 0
x2 13 -39 0
x2 15 -109 0
x17 46 -90 0
x19 52 -63 0
x2 40 -68 0
x16 41 -71 0
x5 7 -86 0
x30 80 -100 0
x21 78 -92 0
x14 52 -102 0
x40 55 -101 0
x35 49 -55 0
x58 60 -116 0
x61 82 -87 0
x64 100 -106 0
x16 67 -76 0
x21 40 -96 0
x1 89 -96 0
x17 37 -84 0
x33 37 -64 0
x12 42 -69 0
x7 85 -119 0
x22 77 -111 0
x15 108 -114 0
x11 51 -64 0
x49 70 -107 0
x11 51 -114 0
x26 29 -75 0
x2 31 -63 0
x19 65 -111 0
x26 118 -120 0
x22 26 -38 0
x16 31 -37 0
x27 83 -116 0
x42 58 -120 0
x41 91 -107 0
x44 50 -103 0
x54 62 -88 0
x86 99 -117 0
x5 56 -96 0
x46 93 -95 0
x3 57 -78 0
x35 37 -102 0
x47 66 -84 0
x21 24 -57 0
x2 41 -53 0
x75 102 -111 0
x34 45 -110 0
x20 40 -87 0
x25 69 -117 0
x85 95 -116 0
x57 66 -101 0
1 2 3 4 5 6 7 8 9 10 11 12 13 14 15 16 17 18 19 20 21 22 23 24 25 26 27 28 29 30 31 32 33 34 35 36 37 38 39 40 41 42 43 44 45 46 47 48 49 50 51 52 53 54 55 56 57 58 59 60 61 62 63 64 65 66 67 68 69 70 71 72 73 74 75 76 77 78 79 80 81 82 83 84 85 86 87 88 89 90 91 92 93 94 95 96 97 98 99 100 101 102 103 104 105 106 107 108 109 110 111 112 113 114 115 116 117 118 119 120 0